6-311+G
[[-4.78392416e+02 -2.08243658e+02 -2.06978595e+02 -1.84264374e+02
  -1.84016056e+02 -1.16926850e+02 -6.64519500e+01  2.45604396e+00
   5.15100350e+02  5.97921146e+02  7.55628595e+02  7.97993765e+02
   9.32912080e+02  9.33461422e+02  9.71689627e+02  1.00425178e+03
   1.02527427e+03  1.02776046e+03  1.02825839e+03  1.07936408e+03
   1.08174584e+03  1.08621230e+03  1.28670849e+03  1.28717612e+03
   1.32456816e+03  1.59272305e+03  1.62619188e+03  1.62747147e+03
   1.68008309e+03  1.70722842e+03  3.15367295e+03  3.15493815e+03
   3.15610057e+03  3.18560059e+03  3.18614293e+03  3.19189104e+03]]
None
[[[[-5.42544285e-04 -2.01412809e-06 -9.01138696e-07 ...  3.48130320e-04
     1.15501619e-04 -8.08047058e-04]
   [-2.71338523e-06  4.89034686e-03  6.65834372e-07 ... -8.63909761e-07
    -1.28646122e-06 -7.81307712e-08]
   [-2.22122418e-06  6.81437772e-07  4.90189180e-03 ...  5.03075799e-07
     9.04821609e-07 -1.54276758e-06]
   ...
   [ 2.84568755e-04  4.47308349e-06  3.61817491e-07 ...  3.79631107e-01
    -5.02604144e-05 -5.19901689e-04]
   [ 1.19778797e-04  1.56694072e-06 -1.78000024e-06 ...  3.04130466e-05
     3.79740837e-01  5.16683522e-04]
   [-1.03018466e-03  2.13253799e-06 -1.48517364e-06 ... -4.20905612e-04
     3.12778215e-04  3.83747832e-01]]]]
[[[[-8.02358829e-04  5.34568193e-06  5.43726541e-06 ... -2.21282365e-05
    -3.81966740e-06 -5.81241643e-05]
   [ 5.74490745e-06 -1.97277032e-02  5.76281431e-07 ...  1.82036999e-06
     7.73019743e-07  4.35662794e-07]
   [ 5.83610754e-06  5.78199396e-07 -1.97147917e-02 ... -4.22287064e-08
    -1.05197546e-06 -1.84165588e-07]
   ...
   [-8.24366847e-06  2.40759761e-07 -4.69113126e-08 ... -4.03537583e-03
     3.22286447e-05  1.98998194e-04]
   [ 8.25802705e-07  2.18232291e-07 -2.58915816e-07 ...  2.77072202e-05
    -4.05369872e-03 -2.07730438e-04]
   [ 1.92542375e-05  1.72543272e-07  4.52010045e-08 ...  1.79868969e-04
    -1.80968492e-04 -5.26251407e-03]]]]
[[[[ 2.83397717e-04 -1.09733098e-06 -1.13232657e-06 ... -2.29235045e-06
     3.90457599e-06  4.41410427e-05]
   [-1.25979886e-06  4.35617713e-03 -2.86756757e-07 ... -4.35941730e-07
    -3.66844650e-07 -1.84384309e-07]
   [-1.29125200e-06 -2.87698934e-07  4.35106326e-03 ...  9.33897991e-08
     2.88278687e-07  1.61775346e-07]
   ...
   [-9.69880620e-07 -2.39554839e-07  4.00832302e-08 ... -4.23370270e-03
    -1.08084028e-05 -6.91803638e-05]
   [-3.13329415e-06 -7.45704987e-08  1.21134966e-07 ... -1.39748725e-05
    -4.22698165e-03  7.17017035e-05]
   [ 1.66748629e-06  1.08071174e-07 -4.37606003e-08 ... -6.57688091e-05
     6.91804022e-05 -3.82444779e-03]]]]
[[[[ 2.54173123e-04 -1.49003413e-06 -1.51710493e-06 ...  8.76041505e-06
    -1.69358218e-06  4.47453792e-05]
   [-1.71229644e-06  5.93053140e-03 -3.47984708e-07 ... -1.05297055e-06
    -2.32512296e-07 -2.61289739e-07]
   [-1.75704571e-06 -3.48581185e-07  5.92444758e-03 ... -8.94440820e-08
     5.61511627e-07  8.98370008e-08]
   ...
   [ 3.37131753e-07 -2.71391232e-07  2.45891832e-08 ... -3.39512952e-03
    -2.25823086e-05 -1.20033187e-04]
   [-2.39981143e-06 -1.00243630e-07  1.47952088e-07 ... -1.86467519e-05
    -3.38981752e-03  1.27146700e-04]
   [ 4.09933223e-06  3.48754865e-08 -1.51930567e-08 ... -1.17890571e-04
     1.22274917e-04 -2.65426668e-03]]]]
[[[[ 6.67666815e-01 -3.72826265e-04 -3.86055178e-04 ...  3.96810407e-04
    -1.74906029e-03  1.50192874e-02]
   [-4.18083474e-04  2.23928863e+00  2.27570822e-05 ... -3.32909181e-04
    -1.27581851e-04 -5.16557139e-05]
   [-4.57080188e-04  2.36037024e-05  2.23964147e+00 ...  6.19186129e-07
     1.74003634e-04  1.34010375e-05]
   ...
   [-4.07484268e-03  2.01193501e-05 -7.04418934e-06 ... -2.39332316e+00
    -9.42521656e-03 -5.09218762e-02]
   [-1.88963400e-03  7.49168027e-06 -1.28008000e-06 ... -5.04761627e-03
    -2.39095861e+00  5.30608652e-02]
   [ 6.40055745e-03 -3.41187483e-06  1.72750577e-05 ... -4.74612092e-02
     4.61743314e-02 -2.07126907e+00]]]]
[[[[-4.61045500e-03  5.12027567e-06  4.45926739e-06 ... -8.49476528e-05
     2.06721857e-05 -5.14154177e-04]
   [ 6.74098887e-06 -2.59753406e-02 -7.09421088e-08 ...  1.27880676e-05
     4.79426303e-06  2.46282681e-06]
   [ 6.83877679e-06 -9.78413528e-08 -2.59756787e-02 ...  5.66485755e-08
    -6.58051836e-06 -7.11329002e-07]
   ...
   [ 6.04495315e-05  2.82725648e-06  1.56554282e-07 ...  6.22776476e-02
     3.75685601e-04  2.27124455e-03]
   [ 1.90262732e-05  1.27319556e-06 -1.59803165e-06 ...  2.66294288e-04
     6.20935493e-02 -2.32776681e-03]
   [-3.13497299e-04  9.24874793e-07 -9.81022545e-07 ...  2.16145336e-03
    -2.13936930e-03  4.80813092e-02]]]]
[[[[-4.61045500e-03  5.12027570e-06  4.45926737e-06 ... -8.49476526e-05
     2.06721855e-05 -5.14154177e-04]
   [ 6.74098887e-06 -2.59753406e-02 -7.09421087e-08 ...  1.27880676e-05
     4.79426303e-06  2.46282681e-06]
   [ 6.83877678e-06 -9.78413531e-08 -2.59756787e-02 ...  5.66485763e-08
    -6.58051836e-06 -7.11329002e-07]
   ...
   [ 6.04495316e-05  2.82725654e-06  1.56554231e-07 ...  6.22776476e-02
     3.75685601e-04  2.27124455e-03]
   [ 1.90262733e-05  1.27319560e-06 -1.59803161e-06 ...  2.66294288e-04
     6.20935493e-02 -2.32776681e-03]
   [-3.13497299e-04  9.24874754e-07 -9.81022536e-07 ...  2.16145336e-03
    -2.13936930e-03  4.80813092e-02]]]]
[[[[ 1.77045133e-05 -2.20615073e-07 -2.01143726e-07 ...  4.15235723e-06
     1.71612090e-07  4.04022151e-06]
   [-2.41468614e-07  7.74480912e-04  2.24258714e-08 ... -2.76086459e-07
    -1.07505958e-07 -4.72475022e-08]
   [-2.34362204e-07  2.28162726e-08  7.74744835e-04 ... -2.43886855e-09
     1.40559457e-07 -1.08720276e-09]
   ...
   [ 3.18869695e-06 -2.36865520e-07  2.49873206e-09 ...  7.80904090e-04
    -6.73534405e-06 -5.26836027e-05]
   [ 1.38677396e-06 -9.74216141e-08  1.34126774e-07 ... -5.74141495e-06
     7.87618548e-04  5.14569350e-05]
   [ 1.05297420e-05 -7.30698780e-08  3.70339710e-08 ... -4.90644794e-05
     4.77118286e-05  1.10874746e-03]]]]
[[[[-3.57723241e-01  3.16571758e-04  3.10335678e-04 ... -2.14395647e-03
     9.74793791e-04 -9.42309203e-03]
   [ 3.57297408e-04 -1.60207526e+00 -2.59928436e-05 ...  3.05160931e-04
     1.18232001e-04  4.50479418e-05]
   [ 3.74674967e-04 -2.67595763e-05 -1.60243682e+00 ... -2.63431503e-06
    -1.59583092e-04 -4.36777358e-06]
   ...
   [ 1.93048009e-03 -1.77887945e-05  3.84968432e-06 ...  8.96168856e-01
     9.05967483e-03  4.95958267e-02]
   [ 1.09614040e-03 -6.87582836e-06  1.70643711e-06 ...  4.98593259e-03
     8.93817139e-01 -5.16419368e-02]
   [-1.42459744e-03 -4.15335030e-06 -7.59215060e-06 ...  4.64589920e-02
    -4.53461409e-02  5.82023647e-01]]]]
[[[[-3.01018124e-01  4.14621264e-05  6.33131363e-05 ...  2.27667950e-03
     8.49860814e-04 -5.41073655e-03]
   [ 4.20593592e-05 -5.71705834e-01  4.07951417e-06 ...  1.25283400e-06
    -1.59129410e-06  1.66124649e-06]
   [ 6.39529954e-05  4.06825883e-06 -5.71686870e-01 ...  2.44562940e-06
    -2.93058654e-07 -9.21973300e-06]
   ...
   [ 2.31372000e-03 -3.00493270e-06  3.22295480e-06 ...  1.76311342e+00
    -4.28192476e-04 -3.69344233e-03]
   [ 8.78540379e-04 -1.54129853e-06  8.45407797e-07 ... -4.29836030e-04
     1.76357809e+00  3.71071383e-03]
   [-5.41470087e-03  7.60559355e-06 -9.22931675e-06 ... -3.68874022e-03
     3.70512760e-03  1.78746312e+00]]]]
