6-311G**
[[-3.84345818e+02 -9.91993734e+01 -9.21273600e+01 -3.56803584e+01
  -3.50807560e+01  1.51705454e+00  8.88856408e+01  2.68314115e+02
   2.68873352e+02  6.98534035e+02  6.99650428e+02  8.57739443e+02
   9.50124176e+02  1.02995966e+03  1.09652873e+03  1.09688536e+03
   1.10191459e+03  1.10783064e+03  1.21245636e+03  1.22265382e+03
   1.22297084e+03  1.29660921e+03  1.30244002e+03  1.30288873e+03
   1.37684649e+03  1.64575774e+03  1.69481430e+03  1.69615182e+03
   1.78459145e+03  1.78530201e+03  3.08031666e+03  3.09415725e+03
   3.09547414e+03  3.13492853e+03  3.13607904e+03  3.14992899e+03]]
None
[[[[-2.36130776e-04 -2.27588249e-08 -4.00286932e-07 ...  1.16559128e-05
     1.16944964e-05 -7.67138244e-05]
   [-5.03107201e-08  2.68704074e-03 -1.87673399e-05 ...  1.30216736e-06
    -1.06107209e-06  4.37857725e-07]
   [-5.11611785e-06 -1.86818561e-05  1.31456549e-05 ...  1.23706176e-04
    -2.72642599e-04 -3.12665656e-05]
   ...
   [-1.53640700e-06  1.21142901e-06  1.13418492e-04 ...  3.72174985e-01
     2.00928006e-05 -5.30090905e-05]
   [ 5.44831500e-06 -7.21112259e-07 -2.43564385e-04 ...  2.81827772e-05
     3.72440146e-01 -7.82064358e-08]
   [-1.19215102e-04  9.34437915e-07  5.39075095e-05 ... -5.32119648e-06
    -5.68617537e-05  3.75754251e-01]]]]
[[[[-9.39775769e-05  2.55729710e-07 -2.73151420e-06 ... -2.09683172e-05
    -2.60475947e-05  4.13807400e-05]
   [ 2.59438656e-07 -4.83942371e-02  3.37437315e-04 ...  3.96623340e-07
    -1.17500707e-07  4.73534609e-07]
   [-3.03431013e-06  3.37569322e-04 -1.79945563e-06 ...  4.85811621e-06
    -1.10017391e-04  2.53699018e-05]
   ...
   [-4.38299893e-06  1.79898878e-07  3.72015919e-06 ...  1.42448956e-02
    -2.08486715e-06  4.49837899e-05]
   [-5.10164809e-06  1.43992607e-07 -2.87233133e-05 ...  3.79989223e-06
     1.42519827e-02 -3.96276649e-05]
   [ 9.57940385e-06  1.35650587e-07  4.45160073e-07 ...  3.32174433e-05
    -2.88568626e-05  1.33669955e-02]]]]
[[[[ 3.34714631e-04 -6.69110891e-09  1.17136467e-05 ...  6.89280596e-06
     6.38284402e-06 -2.19189300e-05]
   [-9.12313533e-09  1.73398335e-02 -1.20943336e-04 ... -4.02498120e-07
     1.25748948e-06 -3.18508765e-07]
   [ 1.19529388e-05 -1.21039230e-04  3.48547376e-07 ... -4.12840368e-05
     2.24036942e-04 -2.19443117e-05]
   ...
   [ 4.24142747e-06 -1.33703866e-07 -4.03890431e-06 ... -1.68471022e-02
     3.46526081e-06 -1.28120667e-05]
   [ 4.73313855e-06  2.68589564e-08  3.23221061e-05 ... -3.33226156e-06
    -1.68538645e-02  1.11587512e-05]
   [-1.01516602e-05 -1.63284786e-07 -5.66244086e-06 ... -6.73272111e-06
     6.42478244e-06 -1.66310931e-02]]]]
[[[[ 4.40176123e-05 -1.02345790e-07  1.19260862e-06 ...  1.48438337e-05
     2.05809246e-05 -2.10621992e-05]
   [-1.03569132e-07  1.96199597e-02 -1.36796449e-04 ... -5.33456398e-08
    -1.04971474e-06 -1.98732756e-07]
   [ 1.45155410e-06 -1.36864881e-04  8.96387381e-07 ...  3.06516679e-05
    -9.47032537e-05 -5.54331437e-06]
   ...
   [ 2.36612623e-06 -1.06667652e-07 -3.58586253e-06 ... -1.19437031e-02
     1.06463268e-06 -1.72958505e-05]
   [ 2.80704552e-06 -3.97708831e-08  2.05674508e-05 ... -1.58549716e-06
    -1.19483831e-02  1.53996011e-05]
   [-3.91408091e-06 -8.89389848e-08 -2.62127159e-06 ... -1.49901198e-05
     1.39510930e-05 -1.16043732e-02]]]]
[[[[ 6.88071280e-01  1.85062410e-04  2.51735449e-02 ... -8.60350746e-04
    -1.05090417e-03  2.40320672e-03]
   [ 1.84609158e-04  1.68965114e+00 -1.18866326e-02 ... -2.24512474e-06
    -5.88615813e-06  3.54484622e-06]
   [ 2.51164229e-02 -1.18850288e-02  1.57538885e-03 ... -4.98261962e-04
    -1.13694301e-03  7.88268492e-04]
   ...
   [-1.36945802e-03 -8.94357659e-07 -5.06681293e-04 ... -1.86249566e+00
    -1.99241829e-04 -4.70540612e-03]
   [-1.46414919e-03 -2.35408698e-05 -2.06043024e-03 ... -3.30134826e-04
    -1.86118326e+00  3.83602506e-03]
   [ 2.94102527e-03  1.90477447e-05  2.06719528e-03 ... -4.11745182e-03
     3.22624185e-03 -1.76343313e+00]]]]
[[[[-4.50998549e-03 -1.18339383e-06 -1.66133959e-04 ... -5.31935278e-07
     1.49703271e-06  6.87157177e-06]
   [-1.18480934e-06 -1.74110025e-02  1.22007245e-04 ...  1.33720341e-07
    -7.87519801e-09  2.16160652e-07]
   [-1.66533682e-04  1.22027249e-04 -1.22481701e-05 ...  5.28842390e-06
    -2.79720179e-05  9.98796411e-06]
   ...
   [ 8.73583267e-06  9.68609239e-08 -1.52888941e-06 ...  1.92720383e-02
    -1.58310778e-06  2.62264671e-04]
   [ 9.28465331e-06  3.44824494e-07 -1.38011219e-05 ...  1.48953016e-05
     1.91874394e-02 -2.10713137e-04]
   [ 1.07199311e-05  1.83625672e-08 -1.43288634e-05 ...  2.56985004e-04
    -2.09903116e-04  1.34946039e-02]]]]
[[[[-4.50998549e-03 -1.18339386e-06 -1.66133959e-04 ... -5.31935198e-07
     1.49703266e-06  6.87157175e-06]
   [-1.18480934e-06 -1.74110025e-02  1.22007245e-04 ...  1.33720342e-07
    -7.87519848e-09  2.16160652e-07]
   [-1.66533682e-04  1.22027249e-04 -1.22481700e-05 ...  5.28842402e-06
    -2.79720180e-05  9.98796411e-06]
   ...
   [ 8.73583264e-06  9.68609506e-08 -1.52888948e-06 ...  1.92720383e-02
    -1.58310776e-06  2.62264671e-04]
   [ 9.28465326e-06  3.44824494e-07 -1.38011219e-05 ...  1.48953015e-05
     1.91874394e-02 -2.10713137e-04]
   [ 1.07199311e-05  1.83625844e-08 -1.43288635e-05 ...  2.56985004e-04
    -2.09903116e-04  1.34946039e-02]]]]
[[[[ 5.02875810e-05  1.17661383e-08  1.98942225e-06 ...  9.91202544e-07
     1.04522791e-06 -3.10024374e-06]
   [ 1.12673037e-08  5.97923926e-04 -4.17570278e-06 ... -1.29823613e-08
     5.62230797e-09 -2.55778513e-08]
   [ 1.92748075e-06 -4.17371602e-06  4.31346956e-07 ...  7.68966445e-08
     4.59380773e-06 -2.01036313e-06]
   ...
   [ 1.89058728e-06 -2.46922677e-08  5.40814742e-07 ...  5.47585063e-04
    -1.49233999e-06 -4.70524242e-05]
   [ 2.02406148e-06 -3.84180410e-08  7.67487219e-06 ... -1.65248212e-06
     5.48197778e-04  3.96224823e-05]
   [-8.09372673e-06 -3.59869950e-08 -2.23923698e-06 ... -4.61250265e-05
     3.91306625e-05  1.54130224e-03]]]]
[[[[-3.70391662e-01 -9.98677137e-05 -1.35960387e-02 ...  5.11175579e-04
     6.15118808e-04 -1.59110014e-03]
   [-9.94685521e-05 -9.22525146e-01  6.48952380e-03 ... -1.20928145e-06
     5.70837577e-06 -5.17855969e-06]
   [-1.35430309e-02  6.48801357e-03 -9.17526247e-04 ...  4.55954892e-05
     1.21175938e-03 -5.49507887e-04]
   ...
   [ 9.55818862e-04 -2.76320323e-06  5.60518971e-05 ...  4.35560948e-01
     1.80155039e-04  5.11197218e-03]
   [ 9.70883439e-04  1.93729014e-05  2.12585655e-03 ...  2.90588078e-04
     4.34194049e-01 -4.18490257e-03]
   [-2.16831183e-03 -1.95981233e-05 -1.77478928e-03 ...  4.57917130e-03
    -3.63153250e-03  3.25635169e-01]]]]
[[[[-3.09230820e-01 -8.30091266e-05 -1.12578027e-02 ...  3.60135425e-04
     4.42524389e-04 -8.97862921e-04]
   [-8.29793118e-05 -7.18780427e-01  5.05880517e-03 ...  4.56133563e-06
    -9.63435666e-07  1.70853466e-06]
   [-1.12577385e-02  5.05878740e-03 -6.20097432e-04 ...  5.71493155e-04
    -3.15425032e-04 -2.85875012e-04]
   ...
   [ 3.90515941e-04  4.76043269e-06  5.70469461e-04 ...  1.77456394e+00
     4.13931185e-05 -9.51927937e-04]
   [ 4.75682157e-04  2.66454462e-06 -3.13229568e-04 ...  4.07092733e-05
     1.77505654e+00  7.43672413e-04]
   [-9.00788339e-04  1.60065126e-06 -1.99762983e-04 ... -9.46380260e-04
     7.37585457e-04  1.79989017e+00]]]]
