6-311++G
[[-825.22652477 -448.36266145 -307.38505082 -187.30352563 -186.66630918
  -144.40640119 -108.450326      7.82041545  356.64127241  461.97719003
   463.37066201  618.61010689  762.77826413  800.18280739  800.65668925
   809.62318208  810.2471706   971.24264891  981.4950238  1085.3881475
  1090.30650216 1240.44602226 1245.03994231 1251.62033429 1582.03514705
  1594.37529225 1610.57702091 1668.66425429 1719.16128001 2636.15331543
  3164.38822014 3167.39777674 3178.43400499 3205.67915754 3206.80559568
  3208.37693144]]
None
[[[[ 1.50909272e-02 -1.98651246e-07 -1.04063139e-06 ...  9.46082995e-07
    -5.79728657e-07  6.91107626e-07]
   [-2.10976268e-05  5.79739371e-03  3.75112147e-03 ... -2.62825966e-04
    -1.82011172e-03  1.32663943e-03]
   [-1.55714291e-05  3.77163821e-03  4.26184974e-03 ...  2.78055619e-03
     1.71650989e-03 -3.38743363e-04]
   ...
   [-1.38677084e-06 -1.47099318e-03  1.52078918e-03 ...  3.75838056e-01
     1.52461664e-03 -9.58977718e-04]
   [ 1.73560310e-07 -1.14562178e-03  1.33728603e-03 ...  1.23672827e-03
     3.81127153e-01 -4.55389160e-03]
   [ 9.73321529e-07  2.14327988e-03 -2.98657717e-03 ... -1.52983156e-03
    -4.41748768e-03  3.79275757e-01]]]]
[[[[-9.94168871e-02 -4.96586169e-05 -2.84844670e-05 ...  5.30334270e-06
    -7.88732100e-06 -6.11376780e-06]
   [-4.55025017e-05 -1.05360700e-04  4.57035001e-04 ...  6.96391871e-06
     9.16884178e-05  1.52825611e-04]
   [-2.57916162e-05  4.39993305e-04 -1.75273078e-04 ...  5.76277268e-05
     1.27611092e-06  7.16255187e-05]
   ...
   [ 5.55248394e-06 -2.76969113e-05 -7.65266745e-05 ... -1.50254350e-03
    -5.63223967e-04  4.78915684e-04]
   [-8.13260590e-06  7.80284779e-05 -4.49938824e-05 ... -5.78132927e-04
    -3.40713816e-03  1.64380244e-03]
   [-4.37134057e-06 -7.58650421e-07 -4.98358768e-06 ...  4.10264843e-04
     1.61218822e-03 -2.59866878e-03]]]]
[[[[ 2.42850994e-04 -1.76668191e-08  8.08903059e-08 ... -3.36595421e-07
     3.59375304e-07  1.14753529e-06]
   [ 5.30386154e-06 -3.17549216e-05 -1.29636083e-04 ... -1.95280338e-05
     4.04832477e-05 -6.08516600e-05]
   [ 4.01635056e-06 -9.21410757e-05  2.09206660e-05 ... -1.05516585e-04
    -5.94364293e-05 -1.05729457e-04]
   ...
   [ 1.39966555e-06  3.95783852e-05  3.07449347e-05 ... -4.24711177e-03
     1.60114530e-04 -1.69989464e-04]
   [-1.90546974e-06 -2.45457000e-05  2.11551893e-05 ...  1.88069792e-04
    -3.67847479e-03 -5.01784966e-04]
   [-1.21927781e-06 -1.87754926e-05  2.94254034e-05 ... -9.57562777e-05
    -4.95356188e-04 -3.93391398e-03]]]]
[[[[ 5.79728361e-03  3.16381434e-06  1.94513130e-06 ... -8.71028813e-07
     1.32478938e-06  1.77225535e-06]
   [ 1.49382565e-06 -3.10981715e-04 -3.74420413e-04 ...  7.55589688e-06
    -3.74584617e-05 -1.15659327e-04]
   [ 8.71853571e-07 -3.65615189e-04 -1.56135830e-04 ... -6.58995134e-05
    -1.69363994e-05  1.41596421e-05]
   ...
   [-8.23998292e-07  2.98445344e-05  1.24466006e-05 ... -4.63990474e-03
     3.34318558e-04 -2.69622820e-04]
   [ 1.20973842e-06 -2.34640971e-05  7.40328126e-06 ...  3.41781093e-04
    -3.52617690e-03 -9.49442677e-04]
   [ 6.54975375e-07 -2.84618699e-05  4.10949784e-05 ... -2.48724452e-04
    -9.42556843e-04 -4.00964608e-03]]]]
[[[[ 5.85951982e+00  2.48899125e-03  1.57521901e-03 ... -4.63128318e-04
     8.27156639e-04  6.24599742e-04]
   [ 1.35470047e-03  8.71687316e-01  3.64613084e-02 ...  9.56006713e-02
    -4.39348960e-02 -8.50738249e-02]
   [ 7.66665618e-04  2.99773139e-02  6.14241029e-01 ...  6.70595769e-02
     2.31484577e-02  2.14325408e-01]
   ...
   [-4.85475700e-04  1.33618048e-03 -3.28105524e-02 ... -3.23828224e+00
     2.33507811e-01 -1.49086785e-01]
   [ 6.93913762e-04  1.49467693e-02 -6.54107783e-03 ...  2.12607106e-01
    -2.50295465e+00 -6.01050490e-01]
   [ 4.01565053e-04 -1.66836246e-02  6.27053032e-03 ... -1.94252670e-01
    -5.95480656e-01 -2.80801650e+00]]]]
[[[[-8.65309696e-02 -2.82193090e-05 -1.70833557e-05 ...  1.34345234e-05
    -2.40693217e-05 -2.09912725e-05]
   [-2.25457264e-05 -1.48894262e-02 -5.90191386e-03 ... -2.94616589e-03
     1.52153676e-03  2.69988358e-03]
   [-1.23477075e-05 -5.72168496e-03 -9.94775532e-03 ... -2.19781262e-03
    -7.73707681e-04 -6.94704937e-03]
   ...
   [ 6.39793157e-06 -2.40743321e-04  8.40154925e-04 ...  9.58846411e-02
    -8.81921072e-03  5.94091077e-03]
   [-9.20893128e-06 -5.59299459e-04  4.33120055e-04 ... -8.20604156e-03
     6.77079414e-02  2.31477291e-02]
   [-5.47097191e-06  5.91105001e-04 -9.53292683e-04 ...  7.24455801e-03
     2.29723398e-02  7.94735498e-02]]]]
[[[[-8.65309696e-02 -2.82193090e-05 -1.70833557e-05 ...  1.34345234e-05
    -2.40693217e-05 -2.09912725e-05]
   [-2.25457242e-05 -1.48894262e-02 -5.90191386e-03 ... -2.94616589e-03
     1.52153676e-03  2.69988358e-03]
   [-1.23477063e-05 -5.72168496e-03 -9.94775532e-03 ... -2.19781262e-03
    -7.73707681e-04 -6.94704937e-03]
   ...
   [ 6.39793142e-06 -2.40743321e-04  8.40154925e-04 ...  9.58846411e-02
    -8.81921072e-03  5.94091077e-03]
   [-9.20893129e-06 -5.59299459e-04  4.33120055e-04 ... -8.20604156e-03
     6.77079414e-02  2.31477291e-02]
   [-5.47097194e-06  5.91105001e-04 -9.53292683e-04 ...  7.24455801e-03
     2.29723398e-02  7.94735498e-02]]]]
[[[[ 2.53314338e-03  8.47327380e-07  4.75709149e-07 ... -2.84347714e-07
     4.97563946e-07  3.85913374e-07]
   [ 1.04609909e-07  2.97796777e-04  1.69992430e-04 ...  5.21808721e-05
    -3.47683746e-05 -3.86377925e-05]
   [-5.52241680e-08  1.67597281e-04  1.96069376e-04 ...  5.45948230e-05
     2.47453247e-05  1.33235592e-04]
   ...
   [-3.44682823e-07  3.38983464e-06 -6.74683723e-06 ...  3.85210148e-04
     1.62621277e-04 -1.11500443e-04]
   [ 5.06712567e-07  7.15721744e-06 -1.78198289e-05 ...  1.49932737e-04
     9.10026482e-04 -4.32043945e-04]
   [ 3.36763099e-07 -1.60398421e-05  3.82611143e-05 ... -1.36505346e-04
    -4.28344420e-04  6.95931349e-04]]]]
[[[[-4.55220205e+00 -1.86293558e-03 -1.15374893e-03 ...  4.15106258e-04
    -7.35565831e-04 -5.73065723e-04]
   [-7.68024577e-04 -6.12799615e-01 -1.09603818e-01 ... -8.38194890e-02
     4.67263265e-02  6.88479404e-02]
   [-3.74101689e-04 -1.03484309e-01 -4.22869110e-01 ... -7.10315699e-02
    -2.72979366e-02 -1.89482946e-01]
   ...
   [ 4.43071398e-04  3.83181751e-03  2.14206692e-02 ...  1.67255492e+00
    -2.17847078e-01  1.39722293e-01]
   [-6.23795091e-04 -7.26515858e-03 -3.30242569e-04 ... -1.98471842e-01
     9.84242982e-01  5.64062533e-01]
   [-3.66830122e-04  5.49104279e-03  3.95795170e-03 ...  1.81703269e-01
     5.58993265e-01  1.27004008e+00]]]]
[[[[-1.02832129e+00 -5.24150554e-04 -3.62361270e-04 ...  1.82877251e-05
    -3.83263009e-05 -6.05230243e-06]
   [-5.24081866e-04 -2.23161154e-01  8.85744875e-02 ... -6.19884913e-03
    -7.71456054e-03  1.22150799e-02]
   [-3.62481307e-04  8.85721687e-02 -1.67100139e-01 ...  1.12073679e-02
     7.46375555e-03 -1.14003979e-02]
   ...
   [ 2.24382002e-05 -6.20262037e-03  1.12704445e-02 ...  1.75980045e+00
     3.40847472e-03 -3.40411047e-03]
   [-4.32056238e-05 -7.74580946e-03  7.37662156e-03 ...  3.41189720e-03
     1.77412470e+00 -1.36219229e-02]
   [-1.82207858e-05  1.22176875e-02 -1.14122717e-02 ... -3.39882539e-03
    -1.36207075e-02  1.76815138e+00]]]]
