6-311++G*
[[-448.46774361 -223.13950874 -185.13958933 -184.58065747 -167.13817231
   -63.75449023    5.04449541  139.21794793  399.82632695  531.57762248
   610.79180788  611.61936956  843.31360547  937.77420563  938.19626029
   960.92611144  964.98069711 1015.01974062 1015.32832814 1046.29436302
  1049.67592879 1251.70925422 1252.75436623 1296.58641471 1584.21601171
  1635.32019408 1645.62183017 1698.77354629 1735.49188099 3140.00660643
  3240.00602049 3242.19316764 3261.19680215 3275.83060998 3277.84708839
  3287.7226473 ]]
None
[[[[ 7.99794081e-04 -8.99137388e-04  4.61463909e-06 ... -5.39738316e-04
    -2.93673543e-04  1.64696962e-03]
   [-1.01103392e-03  2.74697876e-03 -5.19595342e-05 ... -1.59770999e-03
     7.40539839e-04  4.58156159e-04]
   [ 1.18286440e-05 -6.53122597e-05  6.01561784e-04 ...  1.84514326e-04
     3.51513333e-05 -2.09652453e-06]
   ...
   [-7.67045561e-04  7.65700332e-06 -2.35210415e-05 ...  3.96754789e-01
    -8.92477495e-05 -1.47718079e-04]
   [-7.96729944e-04 -8.35046741e-04  3.46660194e-05 ...  1.92414273e-04
     3.97029168e-01  3.24372259e-04]
   [ 2.40567057e-03  9.55673902e-04 -1.43623490e-05 ... -2.05743658e-04
     3.06745390e-04  4.05441977e-01]]]]
[[[[-3.88265550e-05 -1.55777683e-04  3.13996785e-06 ... -1.66569958e-05
    -6.68712613e-05  6.87134118e-05]
   [-1.39404373e-04  5.24525168e-04 -3.26189160e-05 ... -2.89040743e-05
    -1.55034780e-04  5.77575349e-05]
   [ 1.43698640e-06 -2.96655118e-05 -4.05313467e-04 ... -3.94596507e-06
     9.66143245e-06 -2.99662478e-06]
   ...
   [-1.29027387e-05  3.96563149e-05 -3.28265346e-05 ...  6.84041985e-03
     8.96483097e-06  1.04897065e-04]
   [-2.91891403e-05 -8.19142116e-05  1.47407163e-05 ...  2.14887480e-05
     6.89935270e-03 -1.80727406e-04]
   [ 8.35736991e-05  5.45353933e-05 -3.12936136e-06 ...  9.26425673e-05
    -1.65952225e-04  4.17140096e-03]]]]
[[[[ 1.51367604e-04  1.12416233e-04 -2.16792739e-06 ... -4.68061768e-06
    -2.37340342e-05 -4.92978603e-05]
   [ 1.03247314e-04 -2.61314428e-04  1.51461257e-05 ...  2.28022555e-04
    -1.07915000e-04 -8.65387914e-07]
   [-1.27745865e-06  1.74692268e-05  3.15589240e-04 ... -2.63484043e-05
    -3.89614809e-06  9.49874289e-07]
   ...
   [ 1.97436248e-05 -5.56068950e-05  3.37523792e-05 ... -7.07454313e-03
     2.55678144e-05  3.99005696e-06]
   [ 2.71457406e-05  6.18022544e-05 -1.47882856e-05 ... -2.56461274e-05
    -7.10510091e-03 -1.03768258e-05]
   [-7.77744917e-05 -4.21409751e-05  2.72399456e-06 ...  2.45853038e-05
    -2.01569659e-05 -7.42449514e-03]]]]
[[[[ 1.12011979e-05  1.22258691e-04 -1.74441584e-06 ...  2.09506789e-05
     4.49254693e-05 -6.25374775e-05]
   [ 1.14818339e-04 -2.42747959e-04  1.13813436e-05 ... -1.38133632e-05
     9.73528416e-05 -4.25753952e-05]
   [-9.36483387e-07  9.08315905e-06  2.01242635e-04 ...  3.88098518e-06
    -4.43049841e-06  1.60691122e-06]
   ...
   [ 1.61836720e-05 -2.11475426e-05  1.90928048e-05 ... -8.41982061e-03
    -4.59506448e-06 -4.77685419e-05]
   [ 2.60064891e-05  5.81129661e-05 -8.89586654e-06 ... -1.07420853e-05
    -8.45146586e-03  8.35147530e-05]
   [-7.75141434e-05 -4.12875891e-05  1.95812422e-06 ... -4.48209461e-05
     8.02300029e-05 -7.20004391e-03]]]]
[[[[ 7.31277749e-01  5.39138794e-02 -2.80714516e-03 ...  1.60821986e-02
     3.58119747e-02 -4.34137774e-02]
   [ 5.54261561e-02  6.54185349e-02  2.10243037e-02 ... -8.97625699e-02
     1.05743201e-01 -3.47039099e-02]
   [-2.84244238e-03  2.01034090e-02  7.49302588e-01 ...  1.40667968e-02
    -1.83812386e-03  9.41828451e-04]
   ...
   [ 5.33902520e-03  7.27728257e-03  1.58098400e-03 ... -2.28209900e+00
    -1.20578726e-02 -2.97386949e-02]
   [ 6.10411232e-03 -7.74629783e-03 -1.39517543e-03 ...  3.02137117e-03
    -2.27047759e+00  4.67351149e-02]
   [-6.50026983e-03  1.19203948e-03  6.94285107e-05 ... -3.40401748e-02
     4.73928874e-02 -1.51053090e+00]]]]
[[[[-6.04881800e-03 -1.48435424e-04  1.90564753e-05 ... -4.32880508e-04
    -1.06577865e-03  1.14807044e-03]
   [-2.18129124e-04 -1.23244853e-03 -1.70936206e-04 ...  2.78018483e-03
    -3.41313505e-03  1.06515931e-03]
   [ 2.18864753e-05 -1.43367423e-04 -6.05783934e-03 ... -4.43164548e-04
     6.35119338e-05 -3.08311042e-05]
   ...
   [-1.68156297e-04  1.57641357e-04 -1.17834717e-04 ...  6.44962801e-02
     3.40567824e-04  1.16259942e-03]
   [-2.15230401e-04 -1.09450844e-04  5.47040122e-05 ... -3.86657601e-05
     6.41446467e-02 -1.81298912e-03]
   [ 4.13550494e-04  1.84424157e-04 -9.50782415e-06 ...  1.26351306e-03
    -1.81920829e-03  3.47348963e-02]]]]
[[[[-6.04881800e-03 -1.48435424e-04  1.90564749e-05 ... -4.32880509e-04
    -1.06577865e-03  1.14807044e-03]
   [-2.18129124e-04 -1.23244853e-03 -1.70936206e-04 ...  2.78018484e-03
    -3.41313505e-03  1.06515931e-03]
   [ 2.18864753e-05 -1.43367423e-04 -6.05783934e-03 ... -4.43164549e-04
     6.35119338e-05 -3.08311042e-05]
   ...
   [-1.68156297e-04  1.57641356e-04 -1.17834717e-04 ...  6.44962801e-02
     3.40567824e-04  1.16259942e-03]
   [-2.15230400e-04 -1.09450845e-04  5.47040120e-05 ... -3.86657600e-05
     6.41446467e-02 -1.81298912e-03]
   [ 4.13550494e-04  1.84424157e-04 -9.50782416e-06 ...  1.26351306e-03
    -1.81920829e-03  3.47348963e-02]]]]
[[[[ 1.69795468e-04 -4.55193324e-05  1.77661254e-07 ...  1.31711268e-05
     3.45869184e-05 -5.46216996e-05]
   [-4.28928887e-05  1.52241925e-04  9.77772670e-07 ... -1.14635673e-04
     1.37690222e-04 -5.05040785e-05]
   [ 6.65944966e-08  8.99374797e-08  1.53031543e-04 ...  1.81081057e-05
    -2.15778033e-06  1.63105893e-06]
   ...
   [ 3.41542555e-06 -1.84052034e-05  5.63962660e-06 ... -1.62967857e-04
    -1.22132219e-05 -6.75460867e-05]
   [ 7.43126471e-06  1.71960073e-05 -1.60051261e-06 ...  6.05135517e-07
    -1.46066998e-04  1.04033211e-04]
   [-1.55893139e-05 -1.33253817e-05  5.70843457e-07 ... -6.99907195e-05
     1.02280977e-04  1.57923151e-03]]]]
[[[[-4.20047690e-01 -1.85399489e-02  1.49318600e-03 ... -1.17768918e-02
    -3.01089223e-02  3.04083825e-02]
   [-2.00129316e-02 -4.93982672e-02 -1.27308362e-02 ...  8.55344396e-02
    -9.76265631e-02  2.92399130e-02]
   [ 1.52887891e-03 -1.18859097e-02 -4.28923534e-01 ... -1.32134449e-02
     1.57000711e-03 -8.39505626e-04]
   ...
   [-1.76916891e-03 -4.49996623e-03 -1.78062843e-03 ...  7.89771290e-01
     1.09635705e-02  2.77489457e-02]
   [-2.62273311e-03  7.63291501e-03  1.23688728e-03 ... -3.04004829e-03
     7.79658303e-01 -4.40281413e-02]
   [-4.29348889e-03 -4.34330561e-03 -3.15600010e-05 ...  3.17790257e-02
    -4.46862528e-02  5.98341720e-02]]]]
[[[[-2.98626167e-01 -3.60095749e-02  1.28105557e-03 ... -3.99206831e-03
    -3.85407577e-03  1.24539673e-02]
   [-3.60237686e-02 -1.09810966e-02 -7.99844095e-03 ... -3.00061882e-03
    -5.21920986e-04  3.82802177e-03]
   [ 1.28232952e-03 -7.99305352e-03 -3.07926363e-01 ...  2.25796778e-04
     1.77067209e-04 -4.39483614e-05]
   ...
   [-4.02702924e-03 -3.02943872e-03  3.86134549e-04 ...  1.76890685e+00
     3.06194322e-04 -4.76740241e-04]
   [-3.87904271e-03 -5.57959254e-04  9.40900901e-05 ...  3.02717248e-04
     1.76836244e+00  1.24693311e-03]
   [ 1.24596325e-02  3.78031026e-03 -3.53388109e-05 ... -4.74036918e-04
     1.24212562e-03  1.79554282e+00]]]]
