6-311++G**
[[-4.01522305e+02 -2.21623869e+02 -2.21040353e+02 -1.13976644e+02
  -4.61115976e+01  2.53815434e+00  4.06261999e+02  4.10674079e+02
   4.89999542e+02  5.16793685e+02  5.17919506e+02  5.78545294e+02
   9.29797338e+02  9.71752361e+02  9.99583845e+02  1.02548885e+03
   1.02582066e+03  1.09066563e+03  1.09374891e+03  1.13839780e+03
   1.13859817e+03  1.28247700e+03  1.28296682e+03  1.35017047e+03
   1.62951091e+03  1.67495856e+03  1.67932222e+03  1.72326609e+03
   1.74493169e+03  3.16225660e+03  3.16383858e+03  3.18231620e+03
   3.18418984e+03  3.18558654e+03  3.21093342e+03  3.28976260e+03]]
None
[[[[ 8.62447074e-05 -2.76850174e-06  7.32107349e-07 ...  6.14618198e-04
    -1.31269935e-04  2.64941256e-06]
   [-2.98080733e-06  1.45796127e-04 -5.54317782e-09 ...  5.40291656e-06
    -3.48558221e-06 -4.87213021e-07]
   [ 4.17932146e-07  7.16697074e-09  1.47754322e-04 ... -2.58174887e-05
    -1.79049811e-05  2.90882630e-05]
   ...
   [ 7.68187868e-04 -2.40164089e-07 -1.89353717e-05 ...  3.79344850e-01
    -3.34268788e-04  8.96768769e-07]
   [-5.91079033e-05  7.59579890e-07  7.96149801e-07 ... -3.50816945e-04
     3.76443639e-01  4.18831583e-05]
   [ 9.41718382e-06  2.19913380e-06 -1.88745352e-04 ... -7.35701723e-07
     1.15687204e-05  3.73072705e-01]]]]
[[[[ 2.94813904e-05 -1.41034876e-06 -1.55537546e-06 ...  7.79400143e-05
    -1.31720704e-04 -3.15197807e-06]
   [-1.62562571e-06 -5.19979972e-04 -7.11104075e-08 ... -3.23902333e-06
    -6.45930448e-06 -8.49386212e-07]
   [-2.08457678e-06 -7.53425678e-08 -5.18353492e-04 ...  2.76660633e-06
    -2.50399476e-05  7.29802338e-05]
   ...
   [ 3.89118533e-05 -9.03841659e-06  3.57993601e-05 ...  1.64432994e-02
     5.18218613e-04  1.08786363e-06]
   [-2.65078500e-06 -1.57809943e-07 -2.38008641e-06 ...  5.21928413e-04
     2.92707797e-02 -3.45194984e-05]
   [ 1.05355722e-06  2.73997646e-07 -2.39251704e-05 ...  1.71195064e-06
     4.52963401e-07  3.90963193e-02]]]]
[[[[ 2.19936881e-04  6.59527812e-07  5.46566539e-07 ... -3.69468279e-05
     6.67540953e-05  2.36002042e-07]
   [ 8.75675955e-07  4.29578939e-04  4.19818086e-08 ...  1.26771257e-06
     2.60979459e-06  7.06847322e-08]
   [ 7.72001595e-07  3.65207441e-08  4.28977334e-04 ... -6.07321303e-07
     1.09417677e-05 -6.74810463e-06]
   ...
   [-4.63990107e-05  8.70024662e-06 -3.49470868e-05 ... -1.57706585e-02
    -1.30210799e-04 -2.23839349e-07]
   [-3.64495181e-06 -1.80398754e-07  1.02284716e-06 ... -1.26536923e-04
    -1.90710771e-02  3.01718409e-05]
   [-1.28561953e-06 -3.42870960e-07  2.97365792e-05 ... -9.25599582e-07
     9.06648468e-06 -3.08097347e-02]]]]
[[[[-2.26607444e-05  8.16781178e-07  6.80183628e-07 ... -4.98416090e-05
     6.49186181e-05  1.08602446e-06]
   [ 9.15051952e-07  2.37668282e-04  2.98406202e-08 ...  4.28750801e-07
     3.25555374e-06  3.30112440e-07]
   [ 9.19462404e-07  3.51094838e-08  2.36965876e-04 ...  9.05754163e-07
     1.23374287e-05 -2.81283328e-05]
   ...
   [-3.13727968e-05  4.80021830e-06 -1.86271987e-05 ... -1.31775732e-02
    -2.67382048e-04 -1.38689278e-06]
   [ 3.71904405e-08  3.29235521e-08  1.03431389e-06 ... -2.69578613e-04
    -1.98098604e-02  4.11556707e-05]
   [-1.22373137e-06 -2.92508520e-07  2.55279368e-05 ... -1.70364492e-06
     2.27996433e-05 -4.34602884e-02]]]]
[[[[ 7.12169886e-01  2.82345540e-04 -2.36400513e-05 ... -1.20878147e-02
     5.21312034e-03  2.23868572e-04]
   [ 2.81325833e-04  7.23628507e-01  6.96959246e-05 ...  5.14235991e-04
     2.98158705e-04 -3.98953454e-06]
   [ 2.82571988e-05  7.04142417e-05  7.23519368e-01 ... -7.13065984e-04
     1.15361500e-03 -2.49136085e-04]
   ...
   [-4.91627993e-03  3.07655317e-04 -1.29003386e-03 ... -2.00458321e+00
    -8.51509404e-03  1.04256131e-03]
   [-2.94531199e-04 -2.51976291e-05  2.04695279e-05 ... -9.11041374e-03
    -2.17993927e+00 -2.41180113e-02]
   [ 6.95229564e-04  1.60198994e-04 -1.39685586e-02 ...  9.51767302e-04
    -2.60515742e-02  1.86025271e+01]]]]
[[[[-5.24377704e-03 -2.05290966e-06  9.62889740e-07 ...  2.48120112e-04
    -2.24071446e-04 -3.86175560e-06]
   [-1.87587159e-06 -5.32915201e-03 -5.56637930e-07 ... -1.66125473e-05
    -1.20473142e-05  3.38617065e-08]
   [-4.84107998e-07 -5.78913963e-07 -5.32873133e-03 ...  2.53745848e-05
    -4.62287473e-05  6.70360416e-06]
   ...
   [ 1.02092644e-04 -1.86498785e-05  7.50323206e-05 ...  2.94464602e-02
     4.20789670e-04 -1.42199916e-05]
   [ 2.85013346e-05  7.01462641e-07 -8.44583592e-07 ...  4.26057380e-04
     3.79458553e-02  2.78555196e-04]
   [-1.11468571e-05 -2.59755862e-06  2.26804572e-04 ... -1.18734605e-05
     3.51470383e-04 -2.29500534e-01]]]]
[[[[-5.24377704e-03 -2.05290980e-06  9.62889698e-07 ...  2.48120110e-04
    -2.24071446e-04 -3.86175564e-06]
   [-1.87587160e-06 -5.32915201e-03 -5.56637931e-07 ... -1.66125473e-05
    -1.20473142e-05  3.38617079e-08]
   [-4.84107993e-07 -5.78913959e-07 -5.32873133e-03 ...  2.53745848e-05
    -4.62287473e-05  6.70360416e-06]
   ...
   [ 1.02092644e-04 -1.86498785e-05  7.50323205e-05 ...  2.94464602e-02
     4.20789670e-04 -1.42199917e-05]
   [ 2.85013353e-05  7.01461452e-07 -8.44583926e-07 ...  4.26057379e-04
     3.79458553e-02  2.78555196e-04]
   [-1.11468571e-05 -2.59755862e-06  2.26804572e-04 ... -1.18734605e-05
     3.51470383e-04 -2.29500534e-01]]]]
[[[[ 8.71675850e-05 -4.29298949e-08  2.33332944e-08 ... -6.89088510e-06
     4.35735224e-06  2.44250500e-07]
   [-4.51022105e-08  9.65024204e-05  1.08730264e-08 ...  6.85699692e-07
     2.82260401e-07 -4.99698945e-09]
   [ 8.31518747e-08  1.14433605e-08  9.64396971e-05 ... -1.18556686e-06
     1.04168916e-06 -2.58172262e-07]
   ...
   [-3.54117594e-06  5.97264747e-07 -1.95103085e-06 ...  5.45289325e-04
     2.44848775e-05  9.81509342e-07]
   [ 8.03741574e-07  1.09823545e-07  4.58880074e-07 ...  2.34718154e-05
     1.19833394e-03 -2.33609783e-05]
   [ 8.03930118e-07  1.81670744e-07 -1.58717893e-05 ...  9.48490407e-07
    -2.34291657e-05  1.98616016e-02]]]]
[[[[-3.94653337e-01 -1.38440498e-04  4.03636988e-07 ...  7.78547956e-03
    -4.74045000e-03 -2.04802262e-04]
   [-1.38475226e-04 -4.06349313e-01 -3.99751743e-05 ... -4.85756460e-04
    -2.82147862e-04  4.87624951e-06]
   [-4.90559396e-05 -4.06270754e-05 -4.06277671e-01 ...  7.52678392e-04
    -1.07204843e-03  1.38596775e-04]
   ...
   [ 1.07701454e-03 -3.25646010e-04  1.42715772e-03 ...  5.63324239e-01
     9.14858587e-03 -8.97144631e-04]
   [ 5.47868092e-04  1.95942695e-05 -1.95690841e-05 ...  9.70641131e-03
     7.53058428e-01  2.04707487e-02]
   [-6.55501077e-04 -1.51645782e-04  1.32223391e-02 ... -8.07358087e-04
     2.23537062e-02 -1.70352511e+01]]]]
[[[[-3.07256675e-01 -1.42590755e-04  2.23480347e-05 ...  4.43645239e-03
    -1.60106744e-04 -7.10768504e-06]
   [-1.42199671e-04 -3.06718864e-01 -2.86246027e-05 ...  1.10053402e-05
     4.90989840e-06 -9.88065378e-07]
   [ 2.24948498e-05 -2.86299024e-05 -3.06680510e-01 ... -1.18058539e-04
    -6.29499838e-06  8.83747407e-05]
   ...
   [ 4.44566910e-03  4.99909729e-05 -2.86397914e-04 ...  1.77367054e+00
    -1.95445060e-03 -1.16538563e-04]
   [-3.63992661e-04  5.15547780e-06  1.44891933e-06 ... -1.94821397e-03
     1.73584460e+00  3.11858828e-03]
   [-7.36572585e-06 -9.79249354e-07  8.83974024e-05 ... -1.21429192e-04
     2.99760597e-03 -7.19890195e-01]]]]
