6-311G*
[[-3.52875080e+02 -1.51288917e+02 -9.74150071e+01 -1.80837936e+01
  -1.74547494e+01  1.79939776e+00  9.20356091e+01  2.96849406e+02
   2.97336278e+02  6.95332772e+02  7.07059086e+02  7.92885362e+02
   8.70822908e+02  1.02076622e+03  1.02433562e+03  1.02477571e+03
   1.09296083e+03  1.09843576e+03  1.13877145e+03  1.14267986e+03
   1.14307461e+03  1.27659231e+03  1.28201500e+03  1.28448957e+03
   1.34809229e+03  1.61613078e+03  1.67757238e+03  1.67978815e+03
   1.77477147e+03  1.77877988e+03  3.20882829e+03  3.21929988e+03
   3.22067715e+03  3.25115364e+03  3.25239197e+03  3.26861112e+03]]
None
[[[[-3.99814272e-05 -2.26242283e-08  8.97079160e-06 ... -3.86589471e-05
    -6.53998135e-05  1.23462532e-04]
   [-2.39034993e-08  1.87579174e-03 -1.44994657e-06 ...  4.23416331e-07
     6.04908741e-07  5.28565962e-07]
   [ 1.59652450e-07 -1.38015697e-06  2.54062644e-05 ... -2.37539370e-05
    -2.23411405e-04 -1.21939359e-05]
   ...
   [-5.83099306e-05  3.71236256e-07 -2.07707951e-05 ...  4.00552386e-01
     2.06335098e-05 -4.13142864e-05]
   [-7.57629693e-05  8.28209371e-07 -1.71623241e-04 ...  2.56056260e-05
     4.00860501e-01 -1.54219119e-05]
   [ 9.89358174e-05  4.90751176e-07  9.16474143e-05 ...  3.72223079e-06
    -6.79998181e-05  4.04502191e-01]]]]
[[[[-1.28257885e-04  5.40176866e-07 -6.50310659e-06 ... -1.90992940e-05
    -2.82270209e-05  6.37342680e-05]
   [ 5.48466702e-07 -4.75419420e-02  3.53432886e-05 ...  2.72359492e-07
     4.33214948e-07  2.58265382e-07]
   [-5.56013021e-06  3.54317047e-05  9.17900875e-07 ... -4.05015717e-05
    -1.39351878e-04  3.09856303e-05]
   ...
   [-4.23745922e-06  1.12213012e-07 -8.04925896e-06 ...  7.01396949e-03
    -2.09717415e-06  4.23643182e-05]
   [-5.92046109e-06  2.81241051e-07 -2.90239693e-05 ...  3.68479644e-06
     7.02525130e-03 -3.77035830e-05]
   [ 1.78643314e-05  8.20608364e-08  2.60121212e-06 ...  3.36476498e-05
    -2.98285690e-05  6.06103647e-03]]]]
[[[[ 3.06494142e-04 -1.80486782e-07  1.41754539e-05 ...  1.04297126e-05
     1.46391829e-05 -4.16074471e-05]
   [-1.85174345e-07  1.73502698e-02 -1.29008619e-05 ... -1.42109400e-07
    -2.05552788e-07 -1.46407184e-07]
   [ 1.39167387e-05 -1.29569089e-05 -1.45220478e-06 ...  1.37112596e-05
     1.17902039e-04 -2.00609576e-05]
   ...
   [ 3.03627713e-06 -5.27999637e-08  5.41435543e-06 ... -9.62278796e-03
     2.37305738e-06 -1.37070453e-05]
   [ 4.50901493e-06 -8.90954568e-08  1.90729133e-05 ... -2.53812406e-06
    -9.62964556e-03  1.19712205e-05]
   [-1.04473415e-05 -5.49070780e-08 -3.52269349e-06 ... -1.25747324e-05
     1.19057388e-05 -9.32720092e-03]]]]
[[[[ 8.05879589e-05 -2.14918534e-07  3.92286163e-06 ...  1.15897408e-05
     1.78723697e-05 -3.45094334e-05]
   [-2.18968139e-07  1.91536096e-02 -1.42328425e-05 ... -1.45571704e-07
    -2.56542264e-07 -1.31871598e-07]
   [ 3.74438376e-06 -1.42782143e-05 -6.99131226e-08 ...  3.05711038e-05
     4.01040683e-05 -1.44465587e-05]
   ...
   [ 3.18516361e-06 -5.90503527e-08  5.14418010e-06 ... -8.45039857e-03
     1.14967305e-06 -1.48172281e-05]
   [ 4.47748932e-06 -1.37178096e-07  2.03951979e-05 ... -1.61343406e-06
    -8.45756045e-03  1.34854009e-05]
   [-1.21058631e-05 -4.97661891e-08 -4.17613896e-06 ... -1.33609985e-05
     1.26975008e-05 -8.12454352e-03]]]]
[[[[ 6.95448628e-01  1.38338245e-05  3.26942846e-02 ... -7.12748852e-04
    -1.21806353e-03  1.29300260e-03]
   [ 1.35028720e-05  2.28754103e+00 -1.72044811e-03 ...  5.44805819e-06
     9.58670231e-06 -2.28841268e-07]
   [ 3.26199560e-02 -1.72270706e-03  1.87667256e-03 ... -1.91896469e-03
    -6.10806910e-03  1.04522915e-03]
   ...
   [-6.27324052e-04 -8.14982916e-07 -6.80066176e-04 ... -1.50136051e+00
    -2.96245506e-05 -9.44475521e-04]
   [-6.37235266e-04 -1.13931720e-05 -2.21859716e-03 ... -8.78433912e-05
    -1.50015858e+00  5.97640177e-04]
   [ 1.14351462e-03  2.74063671e-06  1.44713629e-03 ... -8.49233771e-04
     4.88114271e-04 -1.47441348e+00]]]]
[[[[-4.73827801e-03  8.62540668e-08 -2.22283326e-04 ...  1.80762880e-06
     1.12577464e-05  4.70958559e-05]
   [ 9.07172084e-08 -3.07089155e-02  2.28944742e-05 ... -1.54022051e-08
    -2.94725755e-08  1.80574433e-07]
   [-2.24375564e-04  2.29775182e-05 -1.60780456e-05 ...  1.69786137e-05
     4.71445993e-05  1.16947748e-05]
   ...
   [-1.00786269e-05  2.07184318e-07 -3.35564454e-05 ...  3.28290799e-02
    -3.25579517e-06  1.48004631e-04]
   [-1.60296627e-05  6.02573474e-07 -8.80086958e-05 ...  7.12824740e-06
     3.27728862e-02 -1.15489997e-04]
   [ 7.48823093e-05  1.88008813e-07  1.64618451e-05 ...  1.50243587e-04
    -1.20416711e-04  2.90599756e-02]]]]
[[[[-4.73827801e-03  8.62540744e-08 -2.22283326e-04 ...  1.80762890e-06
     1.12577464e-05  4.70958559e-05]
   [ 9.07172084e-08 -3.07089155e-02  2.28944742e-05 ... -1.54022050e-08
    -2.94725756e-08  1.80574433e-07]
   [-2.24375564e-04  2.29775182e-05 -1.60780455e-05 ...  1.69786138e-05
     4.71445992e-05  1.16947748e-05]
   ...
   [-1.00786269e-05  2.07184319e-07 -3.35564455e-05 ...  3.28290799e-02
    -3.25579508e-06  1.48004631e-04]
   [-1.60296627e-05  6.02573488e-07 -8.80086957e-05 ...  7.12824758e-06
     3.27728862e-02 -1.15489998e-04]
   [ 7.48823093e-05  1.88008798e-07  1.64618452e-05 ...  1.50243587e-04
    -1.20416711e-04  2.90599756e-02]]]]
[[[[ 8.18009807e-05 -1.23700274e-08  3.84747672e-06 ...  8.82082749e-07
     6.17680995e-07 -7.15678266e-06]
   [-1.28388809e-08  1.44335675e-03 -1.07266922e-06 ... -8.42405529e-09
    -1.56823556e-08 -1.96813121e-08]
   [ 3.81068050e-06 -1.07591703e-06  8.57824407e-07 ...  1.19617225e-06
     4.42546350e-06 -3.28467953e-06]
   ...
   [ 1.69883574e-06 -2.30173652e-08  4.21449998e-06 ...  4.58828843e-04
    -1.37328808e-06 -5.15571888e-05]
   [ 2.30568265e-06 -8.88832239e-08  1.20926582e-05 ... -1.69415184e-06
     4.59930260e-04  4.31628014e-05]
   [-9.79413520e-06 -1.22977398e-08 -3.50869652e-06 ... -5.10697224e-05
     4.30322711e-05  1.68543046e-03]]]]
[[[[-3.75761420e-01 -4.39006420e-06 -1.76755692e-02 ...  6.52488289e-04
     1.10335101e-03 -1.53191752e-03]
   [-4.09794771e-06 -1.49117266e+00  1.11903515e-03 ... -5.50571886e-06
    -9.27289772e-06 -2.16023742e-06]
   [-1.76061662e-02  1.12123602e-03 -1.14904923e-03 ...  1.53311069e-03
     5.26369179e-03 -8.66531048e-04]
   ...
   [ 5.41589649e-04  1.18390745e-07  3.98709073e-04 ...  7.55419753e-02
     2.58799377e-05  1.51134597e-03]
   [ 5.30902595e-04  7.46026855e-06  1.69301485e-03 ...  7.07789802e-05
     7.42367347e-02 -1.07674381e-03]
   [-1.46365444e-03 -4.45626837e-06 -1.25903422e-03 ...  1.45679831e-03
    -1.01092512e-03  3.27952800e-02]]]]
[[[[-3.10591258e-01 -9.77129424e-06 -1.45806207e-02 ...  1.41841161e-05
     2.18950081e-05  2.87725139e-04]
   [-9.74174755e-06 -7.23480047e-01  5.47037147e-04 ...  5.35627078e-07
     3.94611764e-07  2.59619050e-06]
   [-1.45807907e-02  5.47015177e-04 -6.70314582e-04 ...  3.23165874e-04
     5.03597016e-04 -2.07475020e-04]
   ...
   [ 4.38989099e-05  6.76114377e-07  3.20975425e-04 ...  1.77131315e+00
     3.08374431e-05 -8.66476856e-04]
   [ 5.72573018e-05  3.58988122e-06  5.07439660e-04 ...  3.05744547e-05
     1.77183860e+00  6.63745878e-04]
   [ 2.83794025e-04  1.86527571e-06 -1.20772035e-04 ... -8.60971675e-04
     6.57837515e-04  1.79770571e+00]]]]
